《仇锷墓志铭》 楷书 日本阳明文库藏 碑额[1][2][3]
    正文 共18页

　　行楷书墨迹。卷高37.2厘米，共一百九十二行，满行六字， 并篆题引首《有元故奉议大夫福建闵海道肃政廉访副使仇府君墓碑铭》二十四字， 其中“建闵海道肃政廉访”八字原已损缺，系后人为之补书。
　　《仇锷墓碑铭》于延祐六年（公元1320年）书，是其晚年力作。运笔方整有力， 遒丽老健，一笔不苟，骨气深稳，与常见赵书妩媚甜润不同。赵孟頫的书法以楷书和行书最好。此书是他楷书代表作之一，他的楷书用笔流畅随意，但又出规入矩，法度森严，其结体疏朗俊秀，飘逸洒脱，几乎无瑕疵可言。

高清晰图片
篆额[1][2][3]
正文[1][2][3][4][5][6][7][8][9][10][11][12][13][14][15][16][17][18][19][20][21][22][23][24][25][26][27][28][29][30][31][32][33][34][35][36][37][38][39][40][41][42][43][44][45][46][47][48][49][50][51][52][53][54][55][56][57][58][59][60][61][62][63][64][65]
跋后[66][67][68][69][70][71][72][73][74][75][76][77] 
